bin/tp3.out
915 793
649 421
530 862
929 802
96044 338565
198 324
526 91
255120 138060
516664 297352
434 378
994185 553995
444 619
927 567
1081647 911711
573310 477366
551719 553865
558096 637917
62435726 47505926
428 143
708260 332824
589134 323956
324 743
536157 314061
446999 272186
305 320
959 773
95 926
48173752 21912344
456972 1168577
369804 271512
718294 800606
560382 612750
336 732
198070 548380
255 860
961 754
333 133
631634 712532
30001684 56427292
123248 160682
64850035 99994785
102850 289760
288092 311069
312 886
116861 47744
607 478
729 100
176276 169527
12988748 77820261
249180 645548
57062 274106
153498 216570
768 993
1208421 865823
96142952 17219549
11103 41625
92091 575637
47128264 61019287
568048 577275
388828 702668
683 41
365 747
565382 820223
827199 1308217
114 338
112476 195549
122 281
590 254
344893 18851
406324 543726
188475 415038
77257970 70116830
538154 402309
188859 424477
458595 665424
578891 424943
969276 1077867
541 716
661094 325899
25174266 00509337
715814 820116
32 154
39671280 21956300
212777 155981
735 548
606444 444132
739505 373893
38192028 16622684
11 967
844974 1203069
396256 293488
125245 303505
443272 643090
590637 856448
980720 647189
03749080 13074225
330 86
186 881
318916 235948
519 742
819 315
84427286 29279414
284377 184492
1005101 1018822
409845 467526
63009170 71387767
63757473 39302157
652 571
812 50
674862 445560
627138 307199
641310 930221
339 111
825 542
95292886 05598884
976 540
388231 284803
339 704
435514 300002
71622646 10052980
130195 51815
34259060 22195396
815831 1183054
715393 871144
430180 406952
35 951
154 861
411615 597215
897 100
416941 408077
90110552 89706260
1191930 270928
256302 275760
984 696
933982 965237
879 620
628 135
168 681
729143 535139
67018590 73372415
439 281
338072 249056
53440465 68717493
196924 109354
30537139 16118690
703288 1067856
479205 169217
589456 939533
366 134
697370 38749
55137280 54910400
276531 309450
155572 253386
342116 423279
1307540 734280
120028 198648
601510 255940
94542426 34933375
254762 120818
54366841 77693082
85563286 75291898
395809 105812
25762336 38277292
285469 99155
73767328 61933260
367 212
289355 121748
285175 228516
741450 326458
112793 101661
24600568 94434685
759130 1170575
816852 756202
963 82
41327821 97149066
261990 208890
158424 636704
11269946 21981346
290 505
426638 293138
54581130 06339702
987475 1259729
378126 577803
281634 35536
324 719
87955040 37053990
672201 1007849
182 972
557946 223933
639 833
10093268 91635010
914 924
12591534 32109320
263 318
701 777
176910 132078
1495116 839845
66709640 76376889
211 999
763 210
342240 741380
96861 64834
844794 356599
756 463
81965066 02334616
97626000 50546048
766 838
91909660 77152548
649691 760039
676 657
68281566 13579136
49377550 38522760
28882112 97668083
778702 686308
987 470
79083 274650
399 404
474716 543392
353392 544344
158298 367812
964 483
109379 351038
342198 337704
573665 329384
740232 978082
259046 346105
109 57
276660 402327
735378 799617
346016 705596
558555 911845
304497 397247
513624 651335
157 173
78665359 58499757
157 159
457 978
19473210 48160482
271 790
687 586
78543592 03127472
589743 621258
91476216 71091980
550168 545443
321612 579245
476 187
236460 81270
861676 273472
51754048 03612356
469570 421805
782979 418020
488 439
118621 746712
67311624 82876568
558 152
259 970
90939920 18929600
6441 19475
254 917
49011287 22412014
554 166
86145127 38382754
408333 1231739
96457 64287
399 836
192253 604015
223988 818108
1261848 937740
1128452 849260
259 991
600988 371596
235515 853529
07670721 29341980
591 988
68887 144596
859 791
46022 25778
203665 443231
794746 696677
276 591
64792 19564
151 526
170987 94128
445896 549906
16432561 34393004
151703 101532
604130 147162
365012 256376
226493 103092
662 396
911832 303576
72341491 46154508
908 387
743 326
804 512
114 612
689 440
644447 464966
77218782 94717582
107361 35008
02846712 67505786
167359 70106
152739 208921
662 752
38706596 26327908
158 367
184539 140328
18987772 60653352
07113614 80276632
121238 149448
662670 788538
27 720
404854 443569
12953694 23618873
86044 40626
56958 35972
63097934 57876012
06207864 72351942
527313 827234
620409 961117
420 486
63165599 52630877
233508 210927
08696710 07082175
757839 780827
377 395
197 417
01953280 12370945
753 179
716033 793908
08459385 68806205
721736 364828
420421 237032
856 831
981 1
17960422 82248095
65 70
69585204 28867603
992 873
170100 439029
537 190
803478 272663
734617 336146
173937 632658
793 587
952 112
673086 489513
97820161 42522442
484785 398670
515 56
953 624
927642 242548
810971 824893
566 153
138350 253770
918 755
288225 298053
564 215
76 979
975 895
556 212
302552 282051
66877120 84539668
26932584 17729488
276142 130873
630045 672576
55 270
1367320 1069100
317144 313467
189 557
625 305
343020 505909
81787630 01222025
880284 473592
448432 270812
70901636 58867484
304840 262314
559460 579644
52590795 37394355
428590 409217
978 533
53594020 19053869
149 918
791768 776478
161030 334676
82971704 60460484
909 525
33155430 02619270
546 487
406490 674233
488353 585870
79907251 33311452
34393860 53462040
504 582
18 315
43649079 69120729
649 783
22666560 40907431
752 183
467 850
249954 365025
75674586 03870648
501403 66689
61814480 79642180
319194 268774
526014 642249
112773 113785
285806 187917
73 818
40995 268956
58710675 46495173
55592633 24280246
158965 151527
42 296
933 307
23400030 27472255
620 666
650463 858332
440805 383307
680985 426514
05869595 13878990
234620 361447
241158 33746
350410 398857
399 546
328 669
37599776 37292653
112 727
361020 229192
76360665 65795650
434007 288309
72797116 87023503
278036 625119
302570 281267
960899 506722
26523780 06738575
728532 412529
736495 427852
527444 599833
746 51
622432 1110684
285952 275682
481782 500825
407619 424783
48956 444603
126292 569994
451155 330047
941 10
365 726
660453 526956
301158 708089
98844239 74979548
304171 407832
972 889
08874626 48280457
326546 217462
189834 120729
284090 267149
146 932
735 628
20208669 56733869
11026815 18689208
859 571
11479982 81923318
591 79
812 508
985956 961202
678610 546609
97831757 13204282
946168 990861
639328 991595
411963 464372
91 681
92268656 32355680
498 614
750520 628779
567 111
179436 172380
72733692 69831280
93403880 49130620
951836 648861
273312 283614
04974768 70313126
926621 487610
39796036 23184480
60 156
99264 162531
760 901
710829 211407
345867 426213
202 125
66409474 84768719
768 487
816 710
979 516
45993688 82953900
g++ -Wall -g -c -Iinclude -std=c++11 -o obj/main.o src/main.cpp
g++ -pg -g -o bin/tp3.out obj/main.o obj/segtree.o
bin/tp3.out
915 793
649 421
530 862
929 802
96044 338565
198 324
526 91
255120 138060
516664 297352
434 378
994185 553995
444 619
927 567
1081647 911711
573310 477366
551719 553865
558096 637917
62435726 47505926
428 143
708260 332824
589134 323956
324 743
536157 314061
446999 272186
305 320
959 773
95 926
48173752 21912344
456972 1168577
369804 271512
718294 800606
560382 612750
336 732
198070 548380
255 860
961 754
333 133
631634 712532
30001684 56427292
123248 160682
64850035 99994785
102850 289760
288092 311069
312 886
116861 47744
607 478
729 100
176276 169527
12988748 77820261
249180 645548
57062 274106
153498 216570
768 993
1208421 865823
96142952 17219549
11103 41625
92091 575637
47128264 61019287
568048 577275
388828 702668
683 41
365 747
565382 820223
827199 1308217
114 338
112476 195549
122 281
590 254
344893 18851
406324 543726
188475 415038
77257970 70116830
538154 402309
188859 424477
458595 665424
578891 424943
969276 1077867
541 716
661094 325899
25174266 00509337
715814 820116
32 154
39671280 21956300
212777 155981
735 548
606444 444132
739505 373893
38192028 16622684
11 967
844974 1203069
396256 293488
125245 303505
443272 643090
590637 856448
980720 647189
03749080 13074225
330 86
186 881
318916 235948
519 742
819 315
84427286 29279414
284377 184492
1005101 1018822
409845 467526
63009170 71387767
63757473 39302157
652 571
812 50
674862 445560
627138 307199
641310 930221
339 111
825 542
95292886 05598884
976 540
388231 284803
339 704
435514 300002
71622646 10052980
130195 51815
34259060 22195396
815831 1183054
715393 871144
430180 406952
35 951
154 861
411615 597215
897 100
416941 408077
90110552 89706260
1191930 270928
256302 275760
984 696
933982 965237
879 620
628 135
168 681
729143 535139
67018590 73372415
439 281
338072 249056
53440465 68717493
196924 109354
30537139 16118690
703288 1067856
479205 169217
589456 939533
366 134
697370 38749
55137280 54910400
276531 309450
155572 253386
342116 423279
1307540 734280
120028 198648
601510 255940
94542426 34933375
254762 120818
54366841 77693082
85563286 75291898
395809 105812
25762336 38277292
285469 99155
73767328 61933260
367 212
289355 121748
285175 228516
741450 326458
112793 101661
24600568 94434685
759130 1170575
816852 756202
963 82
41327821 97149066
261990 208890
158424 636704
11269946 21981346
290 505
426638 293138
54581130 06339702
987475 1259729
378126 577803
281634 35536
324 719
87955040 37053990
672201 1007849
182 972
557946 223933
639 833
10093268 91635010
914 924
12591534 32109320
263 318
701 777
176910 132078
1495116 839845
66709640 76376889
211 999
763 210
342240 741380
96861 64834
844794 356599
756 463
81965066 02334616
97626000 50546048
766 838
91909660 77152548
649691 760039
676 657
68281566 13579136
49377550 38522760
28882112 97668083
778702 686308
987 470
79083 274650
399 404
474716 543392
353392 544344
158298 367812
964 483
109379 351038
342198 337704
573665 329384
740232 978082
259046 346105
109 57
276660 402327
735378 799617
346016 705596
558555 911845
304497 397247
513624 651335
157 173
78665359 58499757
157 159
457 978
19473210 48160482
271 790
687 586
78543592 03127472
589743 621258
91476216 71091980
550168 545443
321612 579245
476 187
236460 81270
861676 273472
51754048 03612356
469570 421805
782979 418020
488 439
118621 746712
67311624 82876568
558 152
259 970
90939920 18929600
6441 19475
254 917
49011287 22412014
554 166
86145127 38382754
408333 1231739
96457 64287
399 836
192253 604015
223988 818108
1261848 937740
1128452 849260
259 991
600988 371596
235515 853529
07670721 29341980
591 988
68887 144596
859 791
46022 25778
203665 443231
794746 696677
276 591
64792 19564
151 526
170987 94128
445896 549906
16432561 34393004
151703 101532
604130 147162
365012 256376
226493 103092
662 396
911832 303576
72341491 46154508
908 387
743 326
804 512
114 612
689 440
644447 464966
77218782 94717582
107361 35008
02846712 67505786
167359 70106
152739 208921
662 752
38706596 26327908
158 367
184539 140328
18987772 60653352
07113614 80276632
121238 149448
662670 788538
27 720
404854 443569
12953694 23618873
86044 40626
56958 35972
63097934 57876012
06207864 72351942
527313 827234
620409 961117
420 486
63165599 52630877
233508 210927
08696710 07082175
757839 780827
377 395
197 417
01953280 12370945
753 179
716033 793908
08459385 68806205
721736 364828
420421 237032
856 831
981 1
17960422 82248095
65 70
69585204 28867603
992 873
170100 439029
537 190
803478 272663
734617 336146
173937 632658
793 587
952 112
673086 489513
97820161 42522442
484785 398670
515 56
953 624
927642 242548
810971 824893
566 153
138350 253770
918 755
288225 298053
564 215
76 979
975 895
556 212
302552 282051
66877120 84539668
26932584 17729488
276142 130873
630045 672576
55 270
1367320 1069100
317144 313467
189 557
625 305
343020 505909
81787630 01222025
880284 473592
448432 270812
70901636 58867484
304840 262314
559460 579644
52590795 37394355
428590 409217
978 533
53594020 19053869
149 918
791768 776478
161030 334676
82971704 60460484
909 525
33155430 02619270
546 487
406490 674233
488353 585870
79907251 33311452
34393860 53462040
504 582
18 315
43649079 69120729
649 783
22666560 40907431
752 183
467 850
249954 365025
75674586 03870648
501403 66689
61814480 79642180
319194 268774
526014 642249
112773 113785
285806 187917
73 818
40995 268956
58710675 46495173
55592633 24280246
158965 151527
42 296
933 307
23400030 27472255
620 666
650463 858332
440805 383307
680985 426514
05869595 13878990
234620 361447
241158 33746
350410 398857
399 546
328 669
37599776 37292653
112 727
361020 229192
76360665 65795650
434007 288309
72797116 87023503
278036 625119
302570 281267
960899 506722
26523780 06738575
728532 412529
736495 427852
527444 599833
746 51
622432 1110684
285952 275682
481782 500825
407619 424783
48956 444603
126292 569994
451155 330047
941 10
365 726
660453 526956
301158 708089
98844239 74979548
304171 407832
972 889
08874626 48280457
326546 217462
189834 120729
284090 267149
146 932
735 628
20208669 56733869
11026815 18689208
859 571
11479982 81923318
591 79
812 508
985956 961202
678610 546609
97831757 13204282
946168 990861
639328 991595
411963 464372
91 681
92268656 32355680
498 614
750520 628779
567 111
179436 172380
72733692 69831280
93403880 49130620
951836 648861
273312 283614
04974768 70313126
926621 487610
39796036 23184480
60 156
99264 162531
760 901
710829 211407
345867 426213
202 125
66409474 84768719
768 487
816 710
979 516
45993688 82953900
