bin/tp3.out
915 915
649 649
530 530
929 929
96044 96044
198 198
526 526
255120 255120
516664 516664
434 434
994185 994185
444 444
927 927
1081647 1081647
573310 573310
551719 551719
558096 558096
62435726 62435726
428 428
708260 708260
589134 589134
324 324
536157 536157
446999 446999
305 305
959 959
95 95
48173752 48173752
456972 456972
369804 369804
718294 718294
560382 560382
336 336
198070 198070
255 255
961 961
333 333
631634 631634
30001684 30001684
123248 123248
64850035 64850035
102850 102850
288092 288092
312 312
116861 116861
607 607
729 729
176276 176276
12988748 12988748
249180 249180
57062 57062
153498 153498
768 768
1208421 1208421
96142952 96142952
11103 11103
92091 92091
47128264 47128264
568048 568048
388828 388828
683 683
365 365
565382 565382
827199 827199
114 114
112476 112476
122 122
590 590
344893 344893
406324 406324
188475 188475
77257970 77257970
538154 538154
188859 188859
458595 458595
578891 578891
969276 969276
541 541
661094 661094
25174266 25174266
715814 715814
32 32
39671280 39671280
212777 212777
735 735
606444 606444
739505 739505
38192028 38192028
11 11
844974 844974
396256 396256
125245 125245
443272 443272
590637 590637
980720 980720
3749080 3749080
330 330
186 186
318916 318916
519 519
819 819
84427286 84427286
284377 284377
1005101 1005101
409845 409845
63009170 63009170
63757473 63757473
652 652
812 812
674862 674862
627138 627138
641310 641310
339 339
825 825
95292886 95292886
976 976
388231 388231
339 339
435514 435514
71622646 71622646
130195 130195
34259060 34259060
815831 815831
715393 715393
430180 430180
35 35
154 154
411615 411615
897 897
416941 416941
90110552 90110552
1191930 1191930
256302 256302
984 984
933982 933982
879 879
628 628
168 168
729143 729143
67018590 67018590
439 439
338072 338072
53440465 53440465
196924 196924
30537139 30537139
703288 703288
479205 479205
589456 589456
366 366
697370 697370
55137280 55137280
276531 276531
155572 155572
342116 342116
1307540 1307540
120028 120028
601510 601510
94542426 94542426
254762 254762
54366841 54366841
85563286 85563286
395809 395809
25762336 25762336
285469 285469
73767328 73767328
367 367
289355 289355
285175 285175
741450 741450
112793 112793
24600568 24600568
759130 759130
816852 816852
963 963
41327821 41327821
261990 261990
158424 158424
11269946 11269946
290 290
426638 426638
54581130 54581130
987475 987475
378126 378126
281634 281634
324 324
87955040 87955040
672201 672201
182 182
557946 557946
639 639
10093268 10093268
914 914
12591534 12591534
263 263
701 701
176910 176910
1495116 1495116
66709640 66709640
211 211
763 763
342240 342240
96861 96861
844794 844794
756 756
81965066 81965066
97626000 97626000
766 766
91909660 91909660
649691 649691
676 676
68281566 68281566
49377550 49377550
28882112 28882112
778702 778702
987 987
79083 79083
399 399
474716 474716
353392 353392
158298 158298
964 964
109379 109379
342198 342198
573665 573665
740232 740232
259046 259046
109 109
276660 276660
735378 735378
346016 346016
558555 558555
304497 304497
513624 513624
157 157
78665359 78665359
157 157
457 457
19473210 19473210
271 271
687 687
78543592 78543592
589743 589743
91476216 91476216
550168 550168
321612 321612
476 476
236460 236460
861676 861676
51754048 51754048
469570 469570
782979 782979
488 488
118621 118621
67311624 67311624
558 558
259 259
90939920 90939920
6441 6441
254 254
49011287 49011287
554 554
86145127 86145127
408333 408333
96457 96457
399 399
192253 192253
223988 223988
1261848 1261848
1128452 1128452
259 259
600988 600988
235515 235515
7670721 7670721
591 591
68887 68887
859 859
46022 46022
203665 203665
794746 794746
276 276
64792 64792
151 151
170987 170987
445896 445896
16432561 16432561
151703 151703
604130 604130
365012 365012
226493 226493
662 662
911832 911832
72341491 72341491
908 908
743 743
804 804
114 114
689 689
644447 644447
77218782 77218782
107361 107361
2846712 2846712
167359 167359
152739 152739
662 662
38706596 38706596
158 158
184539 184539
18987772 18987772
7113614 7113614
121238 121238
662670 662670
27 27
404854 404854
12953694 12953694
86044 86044
56958 56958
63097934 63097934
6207864 6207864
527313 527313
620409 620409
420 420
63165599 63165599
233508 233508
8696710 8696710
757839 757839
377 377
197 197
1953280 1953280
753 753
716033 716033
8459385 8459385
721736 721736
420421 420421
856 856
981 981
17960422 17960422
65 65
69585204 69585204
992 992
170100 170100
537 537
803478 803478
734617 734617
173937 173937
793 793
952 952
673086 673086
97820161 97820161
484785 484785
515 515
953 953
927642 927642
810971 810971
566 566
138350 138350
918 918
288225 288225
564 564
76 76
975 975
556 556
302552 302552
66877120 66877120
26932584 26932584
276142 276142
630045 630045
55 55
1367320 1367320
317144 317144
189 189
625 625
343020 343020
81787630 81787630
880284 880284
448432 448432
70901636 70901636
304840 304840
559460 559460
52590795 52590795
428590 428590
978 978
53594020 53594020
149 149
791768 791768
161030 161030
82971704 82971704
909 909
33155430 33155430
546 546
406490 406490
488353 488353
79907251 79907251
34393860 34393860
504 504
18 18
43649079 43649079
649 649
22666560 22666560
752 752
467 467
249954 249954
75674586 75674586
501403 501403
61814480 61814480
319194 319194
526014 526014
112773 112773
285806 285806
73 73
40995 40995
58710675 58710675
55592633 55592633
158965 158965
42 42
933 933
23400030 23400030
620 620
650463 650463
440805 440805
680985 680985
5869595 5869595
234620 234620
241158 241158
350410 350410
399 399
328 328
37599776 37599776
112 112
361020 361020
76360665 76360665
434007 434007
72797116 72797116
278036 278036
302570 302570
960899 960899
26523780 26523780
728532 728532
736495 736495
527444 527444
746 746
622432 622432
285952 285952
481782 481782
407619 407619
48956 48956
126292 126292
451155 451155
941 941
365 365
660453 660453
301158 301158
98844239 98844239
304171 304171
972 972
8874626 8874626
326546 326546
189834 189834
284090 284090
146 146
735 735
20208669 20208669
11026815 11026815
859 859
11479982 11479982
591 591
812 812
985956 985956
678610 678610
97831757 97831757
946168 946168
639328 639328
411963 411963
91 91
92268656 92268656
498 498
750520 750520
567 567
179436 179436
72733692 72733692
93403880 93403880
951836 951836
273312 273312
4974768 4974768
926621 926621
39796036 39796036
60 60
99264 99264
760 760
710829 710829
345867 345867
202 202
66409474 66409474
768 768
816 816
979 979
45993688 45993688
g++ -Wall -g -c -Iinclude -std=c++11 -o obj/main.o src/main.cpp
g++ -pg -g -o bin/tp3.out obj/main.o obj/segtree.o
bin/tp3.out
915 793
649 421
530 862
929 802
96044 338565
198 324
526 91
255120 138060
516664 297352
434 378
994185 553995
444 619
927 567
1081647 911711
573310 477366
551719 553865
558096 637917
62435726 47505926
428 143
708260 332824
589134 323956
324 743
536157 314061
446999 272186
305 320
959 773
95 926
48173752 21912344
456972 1168577
369804 271512
718294 800606
560382 612750
336 732
198070 548380
255 860
961 754
333 133
631634 712532
30001684 56427292
123248 160682
64850035 99994785
102850 289760
288092 311069
312 886
116861 47744
607 478
729 100
176276 169527
12988748 77820261
249180 645548
57062 274106
153498 216570
768 993
1208421 865823
96142952 17219549
11103 41625
92091 575637
47128264 61019287
568048 577275
388828 702668
683 41
365 747
565382 820223
827199 1308217
114 338
112476 195549
122 281
590 254
344893 18851
406324 543726
188475 415038
77257970 70116830
538154 402309
188859 424477
458595 665424
578891 424943
969276 1077867
541 716
661094 325899
25174266 509337
715814 820116
32 154
39671280 21956300
212777 155981
735 548
606444 444132
739505 373893
38192028 16622684
11 967
844974 1203069
396256 293488
125245 303505
443272 643090
590637 856448
980720 647189
3749080 13074225
330 86
186 881
318916 235948
519 742
819 315
84427286 29279414
284377 184492
1005101 1018822
409845 467526
63009170 71387767
63757473 39302157
652 571
812 50
674862 445560
627138 307199
641310 930221
339 111
825 542
95292886 5598884
976 540
388231 284803
339 704
435514 300002
71622646 10052980
130195 51815
34259060 22195396
815831 1183054
715393 871144
430180 406952
35 951
154 861
411615 597215
897 100
416941 408077
90110552 89706260
1191930 270928
256302 275760
984 696
933982 965237
879 620
628 135
168 681
729143 535139
67018590 73372415
439 281
338072 249056
53440465 68717493
196924 109354
30537139 16118690
703288 1067856
479205 169217
589456 939533
366 134
697370 38749
55137280 54910400
276531 309450
155572 253386
342116 423279
1307540 734280
120028 198648
601510 255940
94542426 34933375
254762 120818
54366841 77693082
85563286 75291898
395809 105812
25762336 38277292
285469 99155
73767328 61933260
367 212
289355 121748
285175 228516
741450 326458
112793 101661
24600568 94434685
759130 1170575
816852 756202
963 82
41327821 97149066
261990 208890
158424 636704
11269946 21981346
290 505
426638 293138
54581130 6339702
987475 1259729
378126 577803
281634 35536
324 719
87955040 37053990
672201 1007849
182 972
557946 223933
639 833
10093268 91635010
914 924
12591534 32109320
263 318
701 777
176910 132078
1495116 839845
66709640 76376889
211 999
763 210
342240 741380
96861 64834
844794 356599
756 463
81965066 2334616
97626000 50546048
766 838
91909660 77152548
649691 760039
676 657
68281566 13579136
49377550 38522760
28882112 97668083
778702 686308
987 470
79083 274650
399 404
474716 543392
353392 544344
158298 367812
964 483
109379 351038
342198 337704
573665 329384
740232 978082
259046 346105
109 57
276660 402327
735378 799617
346016 705596
558555 911845
304497 397247
513624 651335
157 173
78665359 58499757
157 159
457 978
19473210 48160482
271 790
687 586
78543592 3127472
589743 621258
91476216 71091980
550168 545443
321612 579245
476 187
236460 81270
861676 273472
51754048 3612356
469570 421805
782979 418020
488 439
118621 746712
67311624 82876568
558 152
259 970
90939920 18929600
6441 19475
254 917
49011287 22412014
554 166
86145127 38382754
408333 1231739
96457 64287
399 836
192253 604015
223988 818108
1261848 937740
1128452 849260
259 991
600988 371596
235515 853529
7670721 29341980
591 988
68887 144596
859 791
46022 25778
203665 443231
794746 696677
276 591
64792 19564
151 526
170987 94128
445896 549906
16432561 34393004
151703 101532
604130 147162
365012 256376
226493 103092
662 396
911832 303576
72341491 46154508
908 387
743 326
804 512
114 612
689 440
644447 464966
77218782 94717582
107361 35008
2846712 67505786
167359 70106
152739 208921
662 752
38706596 26327908
158 367
184539 140328
18987772 60653352
7113614 80276632
121238 149448
662670 788538
27 720
404854 443569
12953694 23618873
86044 40626
56958 35972
63097934 57876012
6207864 72351942
527313 827234
620409 961117
420 486
63165599 52630877
233508 210927
8696710 7082175
757839 780827
377 395
197 417
1953280 12370945
753 179
716033 793908
8459385 68806205
721736 364828
420421 237032
856 831
981 1
17960422 82248095
65 70
69585204 28867603
992 873
170100 439029
537 190
803478 272663
734617 336146
173937 632658
793 587
952 112
673086 489513
97820161 42522442
484785 398670
515 56
953 624
927642 242548
810971 824893
566 153
138350 253770
918 755
288225 298053
564 215
76 979
975 895
556 212
302552 282051
66877120 84539668
26932584 17729488
276142 130873
630045 672576
55 270
1367320 1069100
317144 313467
189 557
625 305
343020 505909
81787630 1222025
880284 473592
448432 270812
70901636 58867484
304840 262314
559460 579644
52590795 37394355
428590 409217
978 533
53594020 19053869
149 918
791768 776478
161030 334676
82971704 60460484
909 525
33155430 2619270
546 487
406490 674233
488353 585870
79907251 33311452
34393860 53462040
504 582
18 315
43649079 69120729
649 783
22666560 40907431
752 183
467 850
249954 365025
75674586 3870648
501403 66689
61814480 79642180
319194 268774
526014 642249
112773 113785
285806 187917
73 818
40995 268956
58710675 46495173
55592633 24280246
158965 151527
42 296
933 307
23400030 27472255
620 666
650463 858332
440805 383307
680985 426514
5869595 13878990
234620 361447
241158 33746
350410 398857
399 546
328 669
37599776 37292653
112 727
361020 229192
76360665 65795650
434007 288309
72797116 87023503
278036 625119
302570 281267
960899 506722
26523780 6738575
728532 412529
736495 427852
527444 599833
746 51
622432 1110684
285952 275682
481782 500825
407619 424783
48956 444603
126292 569994
451155 330047
941 10
365 726
660453 526956
301158 708089
98844239 74979548
304171 407832
972 889
8874626 48280457
326546 217462
189834 120729
284090 267149
146 932
735 628
20208669 56733869
11026815 18689208
859 571
11479982 81923318
591 79
812 508
985956 961202
678610 546609
97831757 13204282
946168 990861
639328 991595
411963 464372
91 681
92268656 32355680
498 614
750520 628779
567 111
179436 172380
72733692 69831280
93403880 49130620
951836 648861
273312 283614
4974768 70313126
926621 487610
39796036 23184480
60 156
99264 162531
760 901
710829 211407
345867 426213
202 125
66409474 84768719
768 487
816 710
979 516
45993688 82953900
